FRI Domain 0 Inverses:
0000000000000000
0000000000000000
0000000000000000
0000000000000000
0000000000000001
0000000000000000
0000000000000000
0000000000000000
0000000000000000
800000000000000d
0000000000000000
0000000000000000
0000000000000000
0000000000000000
c00000000000000b
0000000000000000
0000000000000000
0000000000000000
0000000000000000
e000000000000008
0000000000000000
0000000000000000
0000000000000000
0000000000000000
7000000000000004
0000000000000000
0000000000000000
0000000000000000
0000000000000000
3800000000000002
0000000000000000
0000000000000000
0000000000000000
0000000000000000
1c00000000000001
0000000000000000
0000000000000000
0000000000000000
0000000000000000
8e0000000000000d
0000000000000000
0000000000000000
0000000000000000
0000000000000000
c70000000000000b
0000000000000000
0000000000000000
0000000000000000
0000000000000000
e380000000000008
0000000000000000
0000000000000000
0000000000000000
0000000000000000
71c0000000000004
0000000000000000
0000000000000000
0000000000000000
0000000000000000
38e0000000000002
0000000000000000
0000000000000000
0000000000000000
0000000000000000
1c70000000000001
0000000000000000
0000000000000000
0000000000000000
0000000000000000
8e3800000000000d
0000000000000000
0000000000000000
0000000000000000
0000000000000000
c71c00000000000b
0000000000000000
0000000000000000
0000000000000000
0000000000000000
e38e000000000008
0000000000000000
0000000000000000
0000000000000000
0000000000000000
71c7000000000004
0000000000000000
0000000000000000
0000000000000000
0000000000000000
38e3800000000002
0000000000000000
0000000000000000
0000000000000000
0000000000000000
1c71c00000000001
0000000000000000
0000000000000000
0000000000000000
0000000000000000
8e38e0000000000d
0000000000000000
0000000000000000
0000000000000000
0000000000000000
c71c70000000000b
FRI Domain 1 Inverses:
0000000000000000
0000000000000000
0000000000000000
0000000000000000
7ffffffffffffffb
0000000000000000
0000000000000000
0000000000000000
0000000000000000
9555555555555559
0000000000000000
0000000000000000
0000000000000000
0000000000000000
724924924924924d
0000000000000000
0000000000000000
0000000000000000
0000000000000000
cbbbbbbbbbbbbbb0
0000000000000000
0000000000000000
0000000000000000
0000000000000000
4b9ce739ce739ce1
0000000000000000
0000000000000000
0000000000000000
0000000000000000
d72cb2cb2cb2cb26
0000000000000000
0000000000000000
0000000000000000
0000000000000000
f4f5ebd7af5ebd73
0000000000000000
0000000000000000
0000000000000000
0000000000000000
33f4f4f4f4f4f4f6
0000000000000000
0000000000000000
0000000000000000
0000000000000000
a423d1e8f47a3d10
0000000000000000
0000000000000000
0000000000000000
0000000000000000
e6e5c9725c9725c1
0000000000000000
0000000000000000
0000000000000000
0000000000000000
7e28d91b23646c89
0000000000000000
0000000000000000
0000000000000000
0000000000000000
6e972e72e72e72e2
0000000000000000
0000000000000000
0000000000000000
0000000000000000
ab592b09584ac258
0000000000000000
0000000000000000
0000000000000000
0000000000000000
42e217f85fe17f83
0000000000000000
0000000000000000
0000000000000000
0000000000000000
0645cb97972f2e5e
0000000000000000
0000000000000000
0000000000000000
0000000000000000
226053a753a753a4
0000000000000000
0000000000000000
0000000000000000
0000000000000000
810f5cf66e7b3730
0000000000000000
0000000000000000
0000000000000000
0000000000000000
f8a079346e4d1b9a
0000000000000000
0000000000000000
0000000000000000
0000000000000000
9bae22b2d8565b06
0000000000000000
0000000000000000
0000000000000000
0000000000000000
0c8b5cb972cb972c
FRI Domain 2 Inverses:
0000000000000000
0000000000000000
0000000000000000
0000000000000000
e5e85e85e85e85e0
0000000000000000
0000000000000000
0000000000000000
0000000000000000
c769cfee1b2a2587
0000000000000000
0000000000000000
0000000000000000
0000000000000000
9a34464aaeb77f40
0000000000000000
0000000000000000
0000000000000000
0000000000000000
099324aa62313ca0
0000000000000000
0000000000000000
0000000000000000
0000000000000000
e755194b7ae88e2e
0000000000000000
0000000000000000
0000000000000000
0000000000000000
09b46de9cd1628f8
0000000000000000
0000000000000000
0000000000000000
0000000000000000
2e489ed96b48c782
0000000000000000
0000000000000000
0000000000000000
0000000000000000
2dc8f65f56a19024
0000000000000000
0000000000000000
0000000000000000
0000000000000000
29704d0f05b4690b
0000000000000000
0000000000000000
0000000000000000
0000000000000000
341bd4634ce8df3d
0000000000000000
0000000000000000
0000000000000000
0000000000000000
d041fc90da28b2ba
0000000000000000
0000000000000000
0000000000000000
0000000000000000
b43e60b7f2a5bb7f
0000000000000000
0000000000000000
0000000000000000
0000000000000000
7bc6ae9f1d237f28
0000000000000000
0000000000000000
0000000000000000
0000000000000000
73154ed62d45ef02
0000000000000000
0000000000000000
0000000000000000
0000000000000000
3e5823b884081e3e
0000000000000000
0000000000000000
0000000000000000
0000000000000000
829e006863a6e6bf
0000000000000000
0000000000000000
0000000000000000
0000000000000000
f85d102e6a9d7b33
0000000000000000
0000000000000000
0000000000000000
0000000000000000
cd5f696c75fc3be3
0000000000000000
0000000000000000
0000000000000000
0000000000000000
6c1ecd2031b6ceec
FRI Domain 3 Inverses:
0000000000000000
0000000000000000
0000000000000000
0000000000000000
b32fb36d4f72ee46
0000000000000000
0000000000000000
0000000000000000
0000000000000000
6d0dde9dfea294dc
0000000000000000
0000000000000000
0000000000000000
0000000000000000
56fc6370fd27e456
0000000000000000
0000000000000000
0000000000000000
0000000000000000
8a4b8f619eab49a7
0000000000000000
0000000000000000
0000000000000000
0000000000000000
e3222ce499d9508d
0000000000000000
0000000000000000
0000000000000000
0000000000000000
25c34c8b67bfcf3d
0000000000000000
0000000000000000
0000000000000000
0000000000000000
64a16b531d9cdd6e
0000000000000000
0000000000000000
0000000000000000
0000000000000000
fe8f0e33060127c4
0000000000000000
0000000000000000
0000000000000000
0000000000000000
49c23832b35b3381
0000000000000000
0000000000000000
0000000000000000
0000000000000000
2d035597f54403af
0000000000000000
0000000000000000
0000000000000000
0000000000000000
61cea08d18c114b8
0000000000000000
0000000000000000
0000000000000000
0000000000000000
1f1e6aed7e501ac0
0000000000000000
0000000000000000
0000000000000000
0000000000000000
f206b3147940fa13
0000000000000000
0000000000000000
0000000000000000
0000000000000000
9b1061949dcdb122
0000000000000000
0000000000000000
0000000000000000
0000000000000000
0e2ffa8814291e2b
0000000000000000
0000000000000000
0000000000000000
0000000000000000
e3a104450c1d6252
0000000000000000
0000000000000000
0000000000000000
0000000000000000
25bd9b8cdc403b6c
0000000000000000
0000000000000000
0000000000000000
0000000000000000
e72515089b7eba9a
FRI Domain 4 Inverses:
0000000000000000
0000000000000000
0000000000000000
0000000000000000
1d7d9dd945b7684d
0000000000000000
0000000000000000
0000000000000000
0000000000000000
990cd74d57f43efe
0000000000000000
0000000000000000
0000000000000000
0000000000000000
fb29361882ca78c6
0000000000000000
0000000000000000
0000000000000000
0000000000000000
d404dea87a9338ef
0000000000000000
0000000000000000
0000000000000000
0000000000000000
c6f0538b450a467b
0000000000000000
0000000000000000
0000000000000000
0000000000000000
a58d3fdb0931d888
0000000000000000
0000000000000000
0000000000000000
0000000000000000
08ea22d6ce9cb9f6
0000000000000000
0000000000000000
0000000000000000
0000000000000000
59433b2dde43c79a
0000000000000000
0000000000000000
0000000000000000
0000000000000000
67bcdefdeb6cad0e
0000000000000000
0000000000000000
0000000000000000
0000000000000000
c032244fd4f1ec6a
0000000000000000
0000000000000000
0000000000000000
0000000000000000
72c4fccffdfd356e
0000000000000000
0000000000000000
0000000000000000
0000000000000000
934b869defa9712d
0000000000000000
0000000000000000
0000000000000000
0000000000000000
6c4549d17f669f06
0000000000000000
0000000000000000
0000000000000000
0000000000000000
3bb5c00c8f504a29
0000000000000000
0000000000000000
0000000000000000
0000000000000000
d1ad869ffc5c9637
0000000000000000
0000000000000000
0000000000000000
0000000000000000
de6e5065fcc25702
0000000000000000
0000000000000000
0000000000000000
0000000000000000
1dd9823bb5b0a4ab
FRI Domain 5 Inverses:
0000000000000000
0000000000000000
0000000000000000
0000000000000000
3a59a1c278c8c6fe
0000000000000000
0000000000000000
0000000000000000
0000000000000000
faf8641d17b7b2f4
0000000000000000
0000000000000000
0000000000000000
0000000000000000
b4217338f3f90405
0000000000000000
0000000000000000
0000000000000000
0000000000000000
7007f95b3f4af2e9
0000000000000000
0000000000000000
0000000000000000
0000000000000000
2ff7ec565f4754c9
0000000000000000
0000000000000000
0000000000000000
0000000000000000
c0728f9811b157ed
0000000000000000
0000000000000000
0000000000000000
0000000000000000
138509635fba2480
0000000000000000
0000000000000000
0000000000000000
0000000000000000
645cccddd75de101
0000000000000000
0000000000000000
0000000000000000
0000000000000000
999f4f0ccdde87ae
0000000000000000
0000000000000000
0000000000000000
0000000000000000
ca676673a4eeb143
0000000000000000
0000000000000000
0000000000000000
0000000000000000
fc60c6836ccf2ead
0000000000000000
0000000000000000
0000000000000000
0000000000000000
3e0f24195f5ca417
0000000000000000
0000000000000000
0000000000000000
0000000000000000
d0d6e6f38283adb7
0000000000000000
0000000000000000
0000000000000000
0000000000000000
f02f2b8f382b038e
0000000000000000
0000000000000000
0000000000000000
0000000000000000
dc26c4f5dac1c107
0000000000000000
0000000000000000
0000000000000000
0000000000000000
2be6bfb3583e72ce
FRI Domain 6 Inverses:
0000000000000000
0000000000000000
0000000000000000
0000000000000000
5d150a5737232061
0000000000000000
0000000000000000
0000000000000000
0000000000000000
0f4ac78e986bf964
0000000000000000
0000000000000000
0000000000000000
0000000000000000
6c569e823d46ba73
0000000000000000
0000000000000000
0000000000000000
0000000000000000
78f9d3857f61e16e
0000000000000000
0000000000000000
0000000000000000
0000000000000000
cc9d54082455a4b3
0000000000000000
0000000000000000
0000000000000000
0000000000000000
152cfc5082e40026
0000000000000000
0000000000000000
0000000000000000
0000000000000000
8781730b5f997d22
0000000000000000
0000000000000000
0000000000000000
0000000000000000
429f3f1d04a54c5a
0000000000000000
0000000000000000
0000000000000000
0000000000000000
23fcfdd1a907798b
0000000000000000
0000000000000000
0000000000000000
0000000000000000
917460ad896740d7
0000000000000000
0000000000000000
0000000000000000
0000000000000000
42a189824dd0efdb
0000000000000000
0000000000000000
0000000000000000
0000000000000000
6d28cc47ae7fea78
0000000000000000
0000000000000000
0000000000000000
0000000000000000
37e5fb0e533e18ef
0000000000000000
0000000000000000
0000000000000000
0000000000000000
c9c5a3ef69455c03
0000000000000000
0000000000000000
0000000000000000
0000000000000000
d6f6febcc5ff5561
FRI Domain 7 Inverses:
0000000000000000
0000000000000000
0000000000000000
0000000000000000
14f9e9fc49987a4a
0000000000000000
0000000000000000
0000000000000000
0000000000000000
f75045843fee9b35
0000000000000000
0000000000000000
0000000000000000
0000000000000000
eba7b29291aba6f3
0000000000000000
0000000000000000
0000000000000000
0000000000000000
9cae96b457a22c55
0000000000000000
0000000000000000
0000000000000000
0000000000000000
112f953e4ba27e38
0000000000000000
0000000000000000
0000000000000000
0000000000000000
a77d7234a804f708
0000000000000000
0000000000000000
0000000000000000
0000000000000000
ddb0a727fa131aae
0000000000000000
0000000000000000
0000000000000000
0000000000000000
401627413c0940e1
0000000000000000
0000000000000000
0000000000000000
0000000000000000
14427296d6a36d5e
0000000000000000
0000000000000000
0000000000000000
0000000000000000
8eba373a4a3fd08f
0000000000000000
0000000000000000
0000000000000000
0000000000000000
82a61d7d74d43f91
0000000000000000
0000000000000000
0000000000000000
0000000000000000
b7aea2c9940ecad7
0000000000000000
0000000000000000
0000000000000000
0000000000000000
a66dcff0537b1acf
0000000000000000
0000000000000000
0000000000000000
0000000000000000
8f782e3e72b6c9f1
FRI Domain 8 Inverses:
0000000000000000
0000000000000000
0000000000000000
0000000000000000
788229ce420a4df9
0000000000000000
0000000000000000
0000000000000000
0000000000000000
681ce7b018f56573
0000000000000000
0000000000000000
0000000000000000
0000000000000000
1ce87290d03a4615
0000000000000000
0000000000000000
0000000000000000
0000000000000000
0eccf4a432b1ed03
0000000000000000
0000000000000000
0000000000000000
0000000000000000
6843e858bf0c38ce
0000000000000000
0000000000000000
0000000000000000
0000000000000000
b41cfb92ee9e6d75
0000000000000000
0000000000000000
0000000000000000
0000000000000000
4eeb42bed9051ae5
0000000000000000
0000000000000000
0000000000000000
0000000000000000
da67a51491615285
0000000000000000
0000000000000000
0000000000000000
0000000000000000
48fe34bb71a03519
0000000000000000
0000000000000000
0000000000000000
0000000000000000
6e6d8e65d8f16623
0000000000000000
0000000000000000
0000000000000000
0000000000000000
aca0b3022d10a17c
0000000000000000
0000000000000000
0000000000000000
0000000000000000
373bc769da8ade74
0000000000000000
0000000000000000
0000000000000000
0000000000000000
6f97809202a0b170
FRI Domain 9 Inverses:
0000000000000000
0000000000000000
0000000000000000
0000000000000000
01ac2893ecf2d8a8
0000000000000000
0000000000000000
0000000000000000
0000000000000000
c3915844b970fd98
0000000000000000
0000000000000000
0000000000000000
0000000000000000
3918ef125f623d60
0000000000000000
0000000000000000
0000000000000000
0000000000000000
3b3c9219aefe0aad
0000000000000000
0000000000000000
0000000000000000
0000000000000000
ec48420e2a5cd002
0000000000000000
0000000000000000
0000000000000000
0000000000000000
c346acd91a01ba43
0000000000000000
0000000000000000
0000000000000000
0000000000000000
8bcef79dec82d762
0000000000000000
0000000000000000
0000000000000000
0000000000000000
9a4bc69fa012e4e7
0000000000000000
0000000000000000
0000000000000000
0000000000000000
2ba382b827bdfcbb
0000000000000000
0000000000000000
0000000000000000
0000000000000000
912db3d777da7b8c
0000000000000000
0000000000000000
0000000000000000
0000000000000000
70d2732a9de16ecf
0000000000000000
0000000000000000
0000000000000000
0000000000000000
5f83ebdbdbdc976a
FRI Domain 10 Inverses:
0000000000000000
0000000000000000
0000000000000000
0000000000000000
95d8bbd3d0f01cdc
0000000000000000
0000000000000000
0000000000000000
0000000000000000
c423e96a489a8b33
0000000000000000
0000000000000000
0000000000000000
0000000000000000
60bc5a10aea84871
0000000000000000
0000000000000000
0000000000000000
0000000000000000
1d1d66967100cf9f
0000000000000000
0000000000000000
0000000000000000
0000000000000000
de7314a94808a235
0000000000000000
0000000000000000
0000000000000000
0000000000000000
6bb75c341f9df40e
0000000000000000
0000000000000000
0000000000000000
0000000000000000
3a05479cdbdac7d8
0000000000000000
0000000000000000
0000000000000000
0000000000000000
cb53de3d55429168
0000000000000000
0000000000000000
0000000000000000
0000000000000000
80482ba57524fdd2
0000000000000000
0000000000000000
0000000000000000
0000000000000000
ab875fa9dceb4963
0000000000000000
0000000000000000
0000000000000000
0000000000000000
2599714df0f72939
FRI Domain 11 Inverses:
0000000000000000
0000000000000000
0000000000000000
0000000000000000
527f28a9a99aee78
0000000000000000
0000000000000000
0000000000000000
0000000000000000
e5b011335fd590f6
0000000000000000
0000000000000000
0000000000000000
0000000000000000
e767b308fa3b91a8
0000000000000000
0000000000000000
0000000000000000
0000000000000000
509f1552c8978274
0000000000000000
0000000000000000
0000000000000000
0000000000000000
fc2031207f3698cf
0000000000000000
0000000000000000
0000000000000000
0000000000000000
9972edbf91d66ade
0000000000000000
0000000000000000
0000000000000000
0000000000000000
8975b90705c9d7e0
0000000000000000
0000000000000000
0000000000000000
0000000000000000
d82e8eb43f299112
0000000000000000
0000000000000000
0000000000000000
0000000000000000
329da4d4235a3fa3
0000000000000000
0000000000000000
0000000000000000
0000000000000000
d4c1481ed1f31f11
FRI Domain 12 Inverses:
0000000000000000
0000000000000000
0000000000000000
0000000000000000
fbde55b014889276
0000000000000000
0000000000000000
0000000000000000
0000000000000000
2183d69cf65d554a
0000000000000000
0000000000000000
0000000000000000
0000000000000000
69c1fdad1fdca8b3
0000000000000000
0000000000000000
0000000000000000
0000000000000000
5af640ddb98f9396
0000000000000000
0000000000000000
0000000000000000
0000000000000000
fa13f2860aafcae8
0000000000000000
0000000000000000
0000000000000000
0000000000000000
aed0e87c8cda167c
0000000000000000
0000000000000000
0000000000000000
0000000000000000
336bb636aed81337
0000000000000000
0000000000000000
0000000000000000
0000000000000000
23aa072a2e4092cb
0000000000000000
0000000000000000
0000000000000000
0000000000000000
c5cf209a7f353a36
FRI Domain 13 Inverses:
0000000000000000
0000000000000000
0000000000000000
0000000000000000
d46dd070900291c4
0000000000000000
0000000000000000
0000000000000000
0000000000000000
79afdbec6d766f21
0000000000000000
0000000000000000
0000000000000000
0000000000000000
5bbfff7ca450dede
0000000000000000
0000000000000000
0000000000000000
0000000000000000
335b7548310d58f2
0000000000000000
0000000000000000
0000000000000000
0000000000000000
42461c868173f0e6
0000000000000000
0000000000000000
0000000000000000
0000000000000000
2d58641140bfc963
0000000000000000
0000000000000000
0000000000000000
0000000000000000
b5dacea47cfd27d7
0000000000000000
0000000000000000
0000000000000000
0000000000000000
d39649ed788cbbbc
FRI Domain 14 Inverses:
0000000000000000
0000000000000000
0000000000000000
0000000000000000
fcd38b833613216b
0000000000000000
0000000000000000
0000000000000000
0000000000000000
a30b9f73b9949677
0000000000000000
0000000000000000
0000000000000000
0000000000000000
ccb62d19804990d8
0000000000000000
0000000000000000
0000000000000000
0000000000000000
18a9023fc04ff2a0
0000000000000000
0000000000000000
0000000000000000
0000000000000000
2f5f8af5028acfb5
0000000000000000
0000000000000000
0000000000000000
0000000000000000
be287bd5a280d5d1
0000000000000000
0000000000000000
0000000000000000
0000000000000000
9a7f9d21504d355d
FRI Domain 15 Inverses:
0000000000000000
0000000000000000
0000000000000000
0000000000000000
cb7f2c6ab63e6931
0000000000000000
0000000000000000
0000000000000000
0000000000000000
b994fdd276099e50
0000000000000000
0000000000000000
0000000000000000
0000000000000000
1d288f9967de7558
0000000000000000
0000000000000000
0000000000000000
0000000000000000
11212f2d8c56bdb9
0000000000000000
0000000000000000
0000000000000000
0000000000000000
47f5938a0fdad200
0000000000000000
0000000000000000
0000000000000000
0000000000000000
29e8ed13d32b249d
FRI Domain 16 Inverses:
0000000000000000
0000000000000000
0000000000000000
0000000000000000
425b8ad6356b544b
0000000000000000
0000000000000000
0000000000000000
0000000000000000
28b764baebeb5b56
0000000000000000
0000000000000000
0000000000000000
0000000000000000
ef9b0963bd76e461
0000000000000000
0000000000000000
0000000000000000
0000000000000000
4451618d44d3b603
0000000000000000
0000000000000000
0000000000000000
0000000000000000
54d6e0f315316214
